20 100 6 7 Eliminacja (17, 0)#Rozsianie (5, 0) -> (5, 1)#Rozsianie (35, 0) -> (34, 0)#Rozsianie (6, 0) -> (7, 0)#Rozsianie (24, 0) -> (23, 0)#Rozsianie (14, 0) -> (13, 0)#Rozsianie (16, 1) -> (16, 2)#
W 11 1 9 5 6 1 0 0 0 0 0
W 12 2 9 5 6 1 0 0 0 0 0
W 10 2 9 5 6 1 0 0 0 0 0
C 3 2 5 4 6 1 0 1 0 0 0
O 22 1 4 4 6 1 0 0 0 0 0
O 17 0 4 4 6 1 0 0 0 0 0
O 20 0 4 4 6 1 0 0 0 0 0
A 42 4 4 4 6 1 0 0 0 0 0
A 36 7 4 4 6 1 0 0 0 0 0
Z 29 0 2 1 6 1 0 0 0 0 0
Z 29 1 2 1 6 1 0 0 0 0 0
Z 29 2 2 1 6 1 0 0 0 0 0
t 15 0 0 0 6 1 0 0 0 14 0
m 25 0 0 0 6 1 0 0 0 24 0
g 5 0 0 0 6 1 0 0 0 5 1
j 35 0 99 0 6 1 0 0 0 34 0
b 45 0 10 0 6 1 0 0 0 45 1
t 16 0 0 0 5 1 0 0 0 16 1
g 6 0 0 0 5 1 0 0 0 7 0
j 35 1 99 0 5 1 0 0 0 34 1
t 15 1 0 0 4 1 0 0 0 0 0
m 25 1 0 0 4 1 0 0 0 0 0
j 34 1 99 0 4 1 0 0 0 0 0
m 24 0 0 0 3 1 0 0 0 23 0
g 4 0 0 0 3 1 0 0 0 0 0
b 45 1 10 0 3 1 0 0 0 0 0
t 14 0 0 0 2 1 0 0 0 13 0
j 36 0 99 0 2 1 0 0 0 0 0
t 16 1 0 0 2 1 0 0 0 16 2
g 5 1 0 0 1 1 0 0 0 0 0
j 34 0 99 0 1 1 0 0 0 0 0
g 7 0 0 0 1 1 0 0 0 0 0
m 23 0 0 0 1 1 0 0 0 0 0
t 13 0 0 0 1 1 0 0 0 0 0
t 16 2 0 0 1 1 0 0 0 0 0
